3000 -1 #SUP: 960
3005 -1 #SUP: 4927
3006 -1 #SUP: 2494
3007 -1 #SUP: 2439
3008 -1 #SUP: 2084
3011 -1 #SUP: 1239
3014 -1 #SUP: 4751
3016 -1 #SUP: 1684
3018 -1 #SUP: 1274
3019 -1 #SUP: 1858
3021 -1 #SUP: 1131
3022 -1 #SUP: 3335
3023 -1 #SUP: 2005
3024 -1 #SUP: 1334
3026 -1 #SUP: 1312
3027 -1 #SUP: 2204
3028 -1 #SUP: 1050
3029 -1 #SUP: 1726
3030 -1 #SUP: 4219
3031 -1 #SUP: 4423
3032 -1 #SUP: 2357
3034 -1 #SUP: 2483
3035 -1 #SUP: 3110
3036 -1 #SUP: 1234
3037 -1 #SUP: 1327
3038 -1 #SUP: 2893
3040 -1 #SUP: 847
3042 -1 #SUP: 4515
3046 -1 #SUP: 1184
3047 -1 #SUP: 1872
3048 -1 #SUP: 2482
3049 -1 #SUP: 2474
3051 -1 #SUP: 1934
3052 -1 #SUP: 1842
3054 -1 #SUP: 845
3055 -1 #SUP: 2729
3056 -1 #SUP: 1162
3058 -1 #SUP: 1628
3062 -1 #SUP: 2068
3063 -1 #SUP: 3108
3064 -1 #SUP: 4053
3065 -1 #SUP: 977
3066 -1 #SUP: 1203
3067 -1 #SUP: 3021
3068 -1 #SUP: 2971
3069 -1 #SUP: 4219
3074 -1 #SUP: 2142
3075 -1 #SUP: 1990
3076 -1 #SUP: 1677
3082 -1 #SUP: 3615
3005 -1 3005 -1 #SUP: 1197
3005 -1 3031 -1 #SUP: 968
3031 -1 3005 -1 #SUP: 1097
3014 -1 3014 -1 #SUP: 1108
3014 -1 3030 -1 #SUP: 940
3030 -1 3014 -1 #SUP: 1296
3022 -1 3022 -1 #SUP: 870
3030 -1 3030 -1 #SUP: 891
3030 -1 3042 -1 #SUP: 960
3031 -1 3031 -1 #SUP: 991
3042 -1 3042 -1 #SUP: 880
3064 -1 3064 -1 #SUP: 891
3069 -1 3069 -1 #SUP: 994
3082 -1 3082 -1 #SUP: 922
